[Version_Data]
Version=V1.0
 
[Counters]
Player_Count=1
 
[Player_0]
Player_Name=Player_1
Start_Position=0.000000,-131.500000,4.000000
Start_Rotation=0.000000,0.000000,0.000000,1.000000
Shape=Capsule
Mass=1.000000
Radius=4.400000
Height=17.000000
Ground_Speed=119.999954
Cam_Height=50.000042
Turn_Rate=0.000005
Limit_Look_Up=-45.000000
Limit_Look_Down=45.000000
Player_Height=50.000042
 
[Locations]
