[Version_Data]
Version=V1.0
 
[Counters]
Player_Count=1
 
[Player_0]
Player_Name=Player_Rami
Start_Position=-4.000000,-99.500000,196.000000
Start_Rotation=0.000000,0.000000,0.000000,1.000000
Shape=Capsule
Mass=1.000000
Radius=4.400000
Height=17.000000
Ground_Speed=99.999985
Cam_Height=16.000000
Turn_Rate=0.000005
Limit_Look_Up=-45.000000
Limit_Look_Down=30.000000
Player_Height=16.000000
 
[Locations]
